Filename:  live_data.mca
Description:  
TimeStamp:  11/08/2019 10:04:23

ROI Information
Start	End	FWHM (N)	Net Area	Gross Area	Centroid (N)	Uncertainty	Status
437	525	35.450	104624	108278	481.38	0.32	GOOD

Spectral Data Information
Channel	Data
0	0
1	0
2	0
3	0
4	0
5	0
6	648
7	533
8	477
9	465
10	475
11	489
12	465
13	474
14	503
15	537
16	522
17	564
18	572
19	633
20	662
21	804
22	1140
23	2093
24	4073
25	6291
26	7270
27	5946
28	4115
29	2657
30	1885
31	1393
32	1039
33	737
34	623
35	596
36	624
37	618
38	610
39	556
40	638
41	633
42	529
43	604
44	566
45	585
46	603
47	595
48	583
49	594
50	603
51	661
52	613
53	644
54	689
55	697
56	793
57	896
58	979
59	1130
60	1130
61	1189
62	1069
63	1004
64	909
65	830
66	847
67	801
68	850
69	836
70	811
71	773
72	740
73	693
74	709
75	708
76	716
77	698
78	672
79	676
80	678
81	717
82	740
83	687
84	734
85	701
86	690
87	728
88	718
89	812
90	737
91	764
92	818
93	801
94	778
95	795
96	802
97	785
98	855
99	847
100	797
101	804
102	820
103	833
104	818
105	821
106	822
107	856
108	826
109	860
110	859
111	827
112	886
113	891
114	856
115	841
116	934
117	854
118	829
119	856
120	820
121	878
122	806
123	831
124	906
125	841
126	844
127	904
128	856
129	868
130	885
131	940
132	963
133	942
134	969
135	1019
136	1020
137	1099
138	1074
139	1121
140	1174
141	1259
142	1261
143	1271
144	1379
145	1323
146	1376
147	1405
148	1340
149	1390
150	1446
151	1449
152	1286
153	1413
154	1358
155	1301
156	1359
157	1267
158	1266
159	1269
160	1247
161	1319
162	1253
163	1201
164	1201
165	1152
166	1135
167	1104
168	1089
169	1074
170	1051
171	1070
172	1007
173	988
174	953
175	928
176	929
177	940
178	936
179	916
180	913
181	831
182	843
183	852
184	811
185	886
186	861
187	808
188	771
189	811
190	748
191	753
192	731
193	703
194	736
195	692
196	702
197	689
198	665
199	671
200	629
201	636
202	649
203	622
204	664
205	614
206	614
207	614
208	595
209	550
210	601
211	554
212	595
213	518
214	571
215	539
216	555
217	551
218	481
219	524
220	531
221	503
222	544
223	461
224	496
225	542
226	520
227	536
228	494
229	500
230	528
231	489
232	478
233	499
234	500
235	514
236	476
237	461
238	490
239	473
240	465
241	462
242	467
243	445
244	471
245	483
246	450
247	433
248	470
249	436
250	477
251	473
252	415
253	466
254	442
255	428
256	429
257	485
258	438
259	455
260	423
261	439
262	438
263	457
264	452
265	414
266	437
267	404
268	436
269	397
270	439
271	442
272	423
273	423
274	441
275	422
276	452
277	472
278	455
279	431
280	425
281	420
282	458
283	422
284	459
285	476
286	436
287	435
288	457
289	435
290	432
291	439
292	498
293	445
294	419
295	437
296	437
297	483
298	415
299	425
300	448
301	487
302	449
303	447
304	438
305	466
306	482
307	454
308	486
309	458
310	448
311	486
312	442
313	449
314	460
315	460
316	476
317	484
318	505
319	464
320	443
321	484
322	443
323	448
324	479
325	461
326	474
327	426
328	444
329	446
330	433
331	428
332	428
333	377
334	411
335	366
336	351
337	331
338	351
339	320
340	297
341	291
342	320
343	281
344	264
345	248
346	271
347	227
348	235
349	234
350	193
351	186
352	209
353	187
354	187
355	166
356	159
357	152
358	164
359	160
360	165
361	146
362	146
363	140
364	139
365	127
366	118
367	118
368	102
369	125
370	112
371	114
372	110
373	94
374	131
375	114
376	101
377	99
378	101
379	101
380	85
381	83
382	80
383	88
384	80
385	86
386	78
387	83
388	103
389	91
390	76
391	65
392	86
393	89
394	73
395	67
396	58
397	65
398	63
399	68
400	67
401	46
402	61
403	60
404	72
405	52
406	64
407	47
408	66
409	74
410	67
411	66
412	58
413	64
414	66
415	70
416	53
417	58
418	62
419	64
420	59
421	56
422	54
423	58
424	45
425	57
426	52
427	73
428	64
429	58
430	66
431	57
432	48
433	63
434	58
435	52
436	72
437	49
438	81
439	83
440	107
441	125
442	125
443	144
444	146
445	162
446	181
447	221
448	251
449	298
450	340
451	379
452	395
453	492
454	571
455	655
456	705
457	818
458	875
459	897
460	1068
461	1161
462	1318
463	1356
464	1451
465	1566
466	1634
467	1781
468	1924
469	2048
470	2124
471	2276
472	2367
473	2454
474	2646
475	2712
476	2669
477	2756
478	2805
479	2836
480	2836
481	2807
482	2888
483	2789
484	2875
485	2667
486	2699
487	2716
488	2580
489	2558
490	2386
491	2338
492	2232
493	2076
494	1939
495	1884
496	1844
497	1737
498	1564
499	1523
500	1421
501	1306
502	1132
503	986
504	912
505	879
506	784
507	647
508	562
509	564
510	500
511	425
512	351
513	333
514	276
515	239
516	213
517	180
518	148
519	118
520	103
521	80
522	66
523	49
524	63
525	35
526	34
527	28
528	28
529	22
530	12
531	10
532	14
533	19
534	8
535	6
536	7
537	6
538	6
539	6
540	5
541	4
542	5
543	2
544	3
545	4
546	5
547	8
548	3
549	8
550	4
551	5
552	6
553	4
554	2
555	4
556	5
557	4
558	3
559	1
560	4
561	3
562	4
563	1
564	5
565	3
566	5
567	10
568	5
569	1
570	4
571	5
572	2
573	5
574	5
575	2
576	3
577	5
578	0
579	4
580	1
581	6
582	7
583	0
584	3
585	3
586	3
587	1
588	1
589	6
590	2
591	2
592	5
593	5
594	1
595	5
596	3
597	5
598	6
599	7
600	2
601	2
602	2
603	2
604	3
605	5
606	4
607	5
608	4
609	3
610	2
611	0
612	1
613	1
614	2
615	1
616	3
617	1
618	2
619	4
620	2
621	1
622	1
623	1
624	3
625	0
626	4
627	5
628	2
629	4
630	2
631	2
632	3
633	0
634	2
635	1
636	0
637	4
638	0
639	1
640	2
641	4
642	3
643	3
644	1
645	2
646	2
647	2
648	3
649	3
650	0
651	2
652	1
653	3
654	2
655	4
656	3
657	5
658	3
659	4
660	1
661	3
662	1
663	2
664	1
665	6
666	3
667	2
668	0
669	2
670	1
671	2
672	2
673	0
674	0
675	1
676	0
677	1
678	3
679	2
680	2
681	1
682	1
683	0
684	2
685	3
686	1
687	1
688	3
689	3
690	4
691	1
692	2
693	2
694	3
695	2
696	2
697	3
698	2
699	1
700	2
701	1
702	3
703	1
704	2
705	1
706	2
707	3
708	1
709	2
710	1
711	1
712	3
713	0
714	0
715	1
716	1
717	1
718	1
719	1
720	0
721	5
722	3
723	1
724	1
725	0
726	0
727	0
728	2
729	0
730	1
731	0
732	0
733	1
734	0
735	0
736	0
737	1
738	2
739	3
740	1
741	1
742	3
743	0
744	1
745	3
746	2
747	0
748	0
749	0
750	0
751	0
752	1
753	1
754	3
755	0
756	2
757	0
758	0
759	0
760	1
761	3
762	2
763	1
764	0
765	0
766	0
767	0
768	2
769	1
770	0
771	1
772	2
773	0
774	1
775	3
776	0
777	2
778	0
779	1
780	1
781	1
782	0
783	0
784	1
785	0
786	0
787	1
788	1
789	1
790	2
791	3
792	0
793	0
794	1
795	1
796	2
797	0
798	1
799	1
800	2
801	1
802	4
803	2
804	0
805	6
806	0
807	0
808	0
809	1
810	0
811	1
812	0
813	0
814	2
815	0
816	0
817	0
818	1
819	2
820	3
821	2
822	1
823	1
824	0
825	1
826	0
827	0
828	2
829	1
830	0
831	2
832	2
833	1
834	3
835	0
836	1
837	1
838	2
839	0
840	0
841	2
842	1
843	1
844	1
845	1
846	4
847	0
848	0
849	0
850	1
851	1
852	2
853	0
854	0
855	3
856	1
857	1
858	1
859	0
860	2
861	0
862	1
863	0
864	3
865	1
866	1
867	1
868	1
869	0
870	0
871	0
872	1
873	0
874	0
875	1
876	0
877	1
878	1
879	0
880	0
881	0
882	2
883	0
884	1
885	0
886	0
887	1
888	0
889	1
890	1
891	0
892	1
893	0
894	2
895	0
896	0
897	0
898	0
899	1
900	0
901	0
902	0
903	0
904	3
905	1
906	1
907	0
908	0
909	0
910	0
911	1
912	0
913	2
914	1
915	0
916	2
917	0
918	0
919	0
920	0
921	1
922	1
923	1
924	1
925	0
926	0
927	1
928	2
929	0
930	0
931	1
932	2
933	2
934	0
935	0
936	2
937	0
938	0
939	0
940	1
941	1
942	2
943	0
944	0
945	0
946	0
947	0
948	1
949	0
950	0
951	0
952	0
953	3
954	2
955	1
956	2
957	3
958	1
959	1
960	1
961	1
962	3
963	1
964	1
965	1
966	2
967	1
968	1
969	0
970	1
971	0
972	0
973	1
974	1
975	2
976	1
977	1
978	0
979	0
980	0
981	0
982	0
983	0
984	1
985	0
986	1
987	0
988	0
989	0
990	0
991	0
992	1
993	1
994	0
995	0
996	0
997	0
998	1
999	0
1000	0
1001	0
1002	0
1003	0
1004	0
1005	1
1006	0
1007	0
1008	0
1009	1
1010	0
1011	0
1012	0
1013	0
1014	0
1015	0
1016	0
1017	0
1018	0
1019	0
1020	0
1021	0
1022	0
1023	2
